[38;2;255;255;255m█[38;2;255;255;255m███████████████████████████████████████[38;2;251;251;251m█[38;2;251;251;251m███████████████████████████████████████
[38;2;255;255;255m█[38;2;255;255;255m███████████████████████████████████████[38;2;183;183;183m∩[38;2;219;219;219m▀[38;2;255;255;255m█[38;2;255;255;255m█████████████████████████████████████
[38;2;255;255;255m████████████████████████████████████████[38;2;181;181;181m∩[38;2;154;154;154mº[38;2;254;254;254m█[38;2;255;255;255m█████████████████████████████████████
[38;2;255;255;255m████████████████████████████████████████[38;2;181;181;181m∩ [38;2;234;234;234m█[38;2;255;255;255m█[38;2;255;255;255m████████████████████████████████████
[38;2;255;255;255m████████████████████████████████████████[38;2;181;181;181m∩ [38;2;168;168;168m▐[38;2;255;255;255m█[38;2;255;255;255m████████████████████████████████████
[38;2;255;255;255m████████████████████████████████████████[38;2;181;181;181m∩  [38;2;245;245;245m█[38;2;255;255;255m█[38;2;255;255;255m███████████████████████████████████
[38;2;255;255;255m████████████████████████████████████████[38;2;181;181;181m∩  [38;2;184;184;184m▐[38;2;254;254;254m█[38;2;255;255;255m███████████████████████████████████
[38;2;255;255;255m████████████████████████████████████████[38;2;181;181;181m∩   [38;2;250;250;250m█[38;2;255;255;255m█[38;2;255;255;255m██████████████████████████████████
[38;2;255;255;255m████████████████████████████████████████[38;2;181;181;181m∩   [38;2;203;203;203m▐[38;2;255;255;255m█[38;2;255;255;255m██████████████████████████████████
[38;2;255;255;255m████████████████████████████████████████[38;2;181;181;181m∩    [38;2;193;193;193m▀[38;2;206;206;206m▀[38;2;218;218;218m▀[38;2;231;231;231m█[38;2;244;244;244m█[38;2;253;253;253m█[38;2;255;255;255m█████████████████████████████
[38;2;255;255;255m████████████████████████████████████████[38;2;181;181;181m∩            [38;2;155;155;155m`[38;2;169;169;169m²[38;2;182;182;182m▀[38;2;195;195;195m▀[38;2;207;207;207m▀[38;2;219;219;219m▀[38;2;232;232;232m█[38;2;245;245;245m█[38;2;253;253;253m█[38;2;255;255;255m██████████████████
[38;2;255;255;255m████████████████████████████████████████[38;2;220;220;220m▌[38;2;196;196;196m▄[38;2;197;197;197m▄▄▄▄▄▄▄▄▄▄▄▄▄▄▄▄▄▄▄▄[38;2;202;202;202m▄[38;2;234;234;234m█[38;2;254;254;254m█[38;2;255;255;255m███████████████
[38;2;255;255;255m█████████████████[38;2;226;226;226m▀[38;2;203;203;203m▀[38;2;201;201;201m▀▀▀▀▀▀▀▀▀▀▀▀▀▀▀▀▀▀▀▀▀[38;2;230;230;230m█[38;2;254;254;254m█[38;2;255;255;255m██████████████████████████████████████
[38;2;255;255;255m███████████████████[38;2;250;250;250m█[38;2;240;240;240m█[38;2;228;228;228m█[38;2;215;215;215m▄[38;2;202;202;202m▄[38;2;189;189;189m▄[38;2;177;177;177m▄[38;2;164;164;164mJ[38;2;152;152;152m_            [38;2;199;199;199m▐[38;2;255;255;255m█[38;2;255;255;255m██████████████████████████████████████
[38;2;255;255;255m██████████████████████████████[38;2;249;249;249m█[38;2;240;240;240m█[38;2;227;227;227m█[38;2;214;214;214m▄[38;2;201;201;201m▄[38;2;188;188;188m▄    ▐[38;2;255;255;255m█[38;2;255;255;255m██████████████████████████████████████
[38;2;255;255;255m████████████████████████████████████[38;2;183;183;183m▄   [38;2;199;199;199m▐[38;2;255;255;255m█[38;2;255;255;255m██████████████████████████████████████
[38;2;255;255;255m████████████████████████████████████[38;2;243;243;243m█   [38;2;199;199;199m▐[38;2;255;255;255m█[38;2;255;255;255m██████████████████████████████████████
[38;2;255;255;255m█████████████████████████████████████[38;2;166;166;166m∩  [38;2;199;199;199m▐[38;2;255;255;255m█[38;2;255;255;255m██████████████████████████████████████
[38;2;255;255;255m█████████████████████████████████████[38;2;231;231;231m▌  [38;2;199;199;199m▐[38;2;255;255;255m█[38;2;255;255;255m██████████████████████████████████████
[38;2;255;255;255m██████████████████████████████████████  [38;2;199;199;199m▐███████████████████████████████████████
[38;2;255;255;255m█[38;2;255;255;255m█████████████████████████████████████[38;2;216;216;216m▌ [38;2;199;199;199m▐[38;2;255;255;255m█[38;2;255;255;255m██████████████████████████████████████
[38;2;255;255;255m███████████████████████████████████████ [38;2;199;199;199m▐███████████████████████████████████████
[38;2;255;255;255m█[38;2;255;255;255m██████████████████████████████████████[38;2;200;200;200m▌[38;2;201;201;201m▐[38;2;255;255;255m█[38;2;255;255;255m██████████████████████████████████████
[38;2;255;255;255m████████████████████████████████████████████████████████████████████████████████

